dataset               | prec   pd     pf     F1     ROC
----------------------+--------------------------------
Fontbefore1           | 0.83   0.95   0.45   0.89   0.72
Fontbefore14          | 0.89   0.92   0.39   0.91   0.74
Fontbefore30          | 0.91   0.93   0.39   0.92   0.74
Fontbefore7           | 0.88   0.94   0.40   0.91   0.75
Fontbefore90          | 0.93   0.96   0.53   0.94   0.73
----------------------+--------------------------------
RedisDesktopbefore1   | 0.75   0.62   0.06   0.68   0.88
RedisDesktopbefore14  | 0.90   0.96   0.22   0.93   0.92
RedisDesktopbefore30  | 0.94   0.98   0.43   0.96   0.92
RedisDesktopbefore7   | 0.87   0.88   0.13   0.87   0.91
RedisDesktopbefore90  | 1.00   1.00   0.90   1.00   0.31
----------------------+--------------------------------
SCIIbefore1           | 0.81   0.86   0.25   0.84   0.89
SCIIbefore14          | 0.94   1.00   0.27   0.97   0.85
SCIIbefore30          | 0.94   0.99   0.50   0.96   0.78
SCIIbefore7           | 0.91   0.99   0.33   0.95   0.88
SCIIbefore90          | 0.99   1.00   1.00   1.00   0.32
----------------------+--------------------------------
appiumbefore1         | 0.57   0.14   0.08   0.23   0.53
appiumbefore14        | 0.65   0.99   0.95   0.78   0.50
appiumbefore30        | 0.76   0.99   0.94   0.86   0.49
appiumbefore7         | 0.59   0.99   0.96   0.74   0.50
appiumbefore90        | 0.91   1.00   1.00   0.95   0.44
----------------------+--------------------------------
frameworkbefore1      | 0.65   0.79   0.57   0.71   0.62
frameworkbefore14     | 0.79   0.98   0.87   0.88   0.58
frameworkbefore30     | 0.85   0.98   0.84   0.91   0.61
frameworkbefore7      | 0.74   0.96   0.87   0.84   0.56
frameworkbefore90     | 0.96   0.97   0.69   0.97   0.67
----------------------+--------------------------------
hdbefore1             | 0.68   0.69   0.26   0.68   0.77
hdbefore14            | 0.93   0.94   0.24   0.93   0.87
hdbefore30            | 0.96   0.97   0.25   0.96   0.86
hdbefore7             | 0.84   0.93   0.38   0.88   0.84
hdbefore90            | 0.98   1.00   1.00   0.99   0.40
----------------------+--------------------------------
ionicbefore1          | 0.73   0.01   0.00   0.02   0.48
ionicbefore14         | 0.68   1.00   1.00   0.81   0.47
ionicbefore30         | 0.81   1.00   1.00   0.90   0.47
ionicbefore7          | 0.60   1.00   1.00   0.75   0.48
ionicbefore90         | 0.95   1.00   1.00   0.98   0.44
----------------------+--------------------------------
ppssppbefore1         | 0.66   0.32   0.14   0.43   0.58
ppssppbefore14        | 0.62   0.99   0.98   0.76   0.51
ppssppbefore30        | 0.67   1.00   1.00   0.80   0.47
ppssppbefore7         | 0.59   0.85   0.79   0.70   0.59
ppssppbefore90        | 0.80   1.00   1.00   0.89   0.48
----------------------+--------------------------------
steambefore1          | 0.60   0.63   0.34   0.62   0.65
steambefore14         | 0.79   0.87   0.53   0.83   0.67
steambefore30         | 0.80   0.96   0.87   0.87   0.62
steambefore7          | 0.74   0.88   0.53   0.80   0.67
steambefore90         | 0.87   1.00   1.00   0.93   0.45
----------------------+--------------------------------
wetbefore1            | 0.56   0.09   0.05   0.15   0.56
wetbefore14           | 0.68   1.00   1.00   0.81   0.48
wetbefore30           | 0.74   1.00   1.00   0.85   0.48
wetbefore7            | 0.63   0.87   0.82   0.73   0.52
wetbefore90           | 0.85   1.00   1.00   0.92   0.48