dataset               | prec   pd     pf     F1     ROC
----------------------+--------------------------------
Cataclysmbefore1      | 0.76   0.65   0.14   0.70   0.71
Cataclysmbefore14     | 0.78   0.97   0.93   0.87   0.59
Cataclysmbefore30     | 0.87   0.97   0.97   0.91   0.48
Cataclysmbefore7      | 0.85   0.78   0.31   0.81   0.73
Cataclysmbefore90     | 0.99   1.00   0.80   1.00   0.08
----------------------+--------------------------------
PushSharpbefore1      | 0.00   0.00   0.00   0.00   0.39
PushSharpbefore14     | 0.63   0.92   0.98   0.75   0.44
PushSharpbefore30     | 0.74   0.98   1.00   0.85   0.40
PushSharpbefore7      | 0.60   0.97   0.98   0.74   0.43
PushSharpbefore90     | 0.91   1.00   1.00   0.95   0.30
----------------------+--------------------------------
custardbefore1        | 0.00   0.00   0.00   0.00   0.47
custardbefore14       | 0.58   0.75   0.53   0.65   0.62
custardbefore30       | 0.76   0.56   0.31   0.64   0.63
custardbefore7        | 0.65   0.17   0.06   0.26   0.57
custardbefore90       | 0.78   0.92   0.70   0.84   0.67
----------------------+--------------------------------
docsbefore1           | 0.48   0.60   0.44   0.53   0.58
docsbefore14          | 0.71   0.78   0.54   0.74   0.58
docsbefore30          | 0.79   0.92   0.83   0.85   0.50
docsbefore7           | 0.57   0.81   0.65   0.67   0.58
docsbefore90          | 0.88   1.00   1.00   0.93   0.42
----------------------+--------------------------------
fuzzybefore1          | 0.75   0.95   0.65   0.84   0.68
fuzzybefore14         | 0.94   0.98   0.92   0.96   0.69
fuzzybefore30         | 0.97   0.98   0.96   0.97   0.52
fuzzybefore7          | 0.93   0.97   0.88   0.95   0.70
fuzzybefore90         | 1.00   1.00   0.00   1.00   1.00
----------------------+--------------------------------
openDCIMbefore1       | 0.54   0.87   0.85   0.66   0.50
openDCIMbefore14      | 0.77   0.94   0.96   0.85   0.42
openDCIMbefore30      | 0.85   1.00   1.00   0.92   0.40
openDCIMbefore7       | 0.67   1.00   1.00   0.81   0.43
openDCIMbefore90      | 0.94   1.00   1.00   0.97   0.34
----------------------+--------------------------------
partakebefore1        | 1.00   0.71   0.00   0.81   0.74
partakebefore14       | 0.00   0.00   0.25   0.00   0.50
partakebefore30       | 0.00   0.00   0.25   0.00   0.50
partakebefore7        | 0.47   0.46   0.26   0.45   0.56
partakebefore90       | 0.61   1.00   1.00   0.76   0.29
----------------------+--------------------------------
pythondotorgbefore1   | 0.53   1.00   1.00   0.69   0.42
pythondotorgbefore14  | 0.69   1.00   1.00   0.81   0.43
pythondotorgbefore30  | 0.74   0.97   0.98   0.84   0.49
pythondotorgbefore7   | 0.67   1.00   1.00   0.80   0.42
pythondotorgbefore90  | 0.84   0.98   1.00   0.91   0.47
----------------------+--------------------------------
rbbbefore1            | 0.61   0.66   0.34   0.63   0.66
rbbbefore14           | 0.90   0.89   0.42   0.89   0.67
rbbbefore30           | 0.93   0.91   0.37   0.92   0.67
rbbbefore7            | 0.85   0.92   0.44   0.88   0.69
rbbbefore90           | 0.93   0.97   0.74   0.95   0.45
----------------------+--------------------------------
slycatbefore1         | 0.47   0.66   0.51   0.54   0.55
slycatbefore14        | 0.70   0.99   0.98   0.82   0.51
slycatbefore30        | 0.77   0.99   1.00   0.87   0.47
slycatbefore7         | 0.59   0.99   0.97   0.74   0.51
slycatbefore90        | 0.95   1.00   1.00   0.97   0.38
