dataset               | prec   pd     pf     F1     ROC
----------------------+--------------------------------
Fontbefore1           | 0.67   0.11   0.04   0.18   0.54
Fontbefore14          | 0.68   0.96   0.88   0.80   0.59
Fontbefore30          | 0.77   0.99   0.93   0.86   0.53
Fontbefore7           | 0.60   0.99   0.95   0.75   0.52
Fontbefore90          | 0.90   1.00   1.00   0.95   0.50
----------------------+--------------------------------
RedisDesktopbefore1   | 0.67   0.11   0.04   0.18   0.54
RedisDesktopbefore14  | 0.68   0.96   0.88   0.80   0.59
RedisDesktopbefore30  | 0.77   0.99   0.93   0.86   0.53
RedisDesktopbefore7   | 0.60   0.99   0.95   0.75   0.52
RedisDesktopbefore90  | 0.90   1.00   1.00   0.95   0.50
----------------------+--------------------------------
SCIIbefore1           | 0.67   0.11   0.04   0.18   0.54
SCIIbefore14          | 0.68   0.96   0.88   0.80   0.59
SCIIbefore30          | 0.77   0.99   0.93   0.86   0.53
SCIIbefore7           | 0.60   0.99   0.95   0.75   0.52
SCIIbefore90          | 0.90   1.00   1.00   0.95   0.50
----------------------+--------------------------------
appiumbefore1         | 0.83   0.95   0.44   0.88   0.75
appiumbefore14        | 0.89   0.91   0.39   0.90   0.76
appiumbefore30        | 0.91   0.91   0.35   0.91   0.78
appiumbefore7         | 0.87   0.93   0.40   0.90   0.77
appiumbefore90        | 0.92   0.96   0.57   0.94   0.75
----------------------+--------------------------------
frameworkbefore1      | 0.67   0.11   0.04   0.18   0.54
frameworkbefore14     | 0.68   0.96   0.88   0.80   0.59
frameworkbefore30     | 0.77   0.99   0.93   0.86   0.53
frameworkbefore7      | 0.60   0.99   0.95   0.75   0.52
frameworkbefore90     | 0.90   1.00   1.00   0.95   0.50
----------------------+--------------------------------
hdbefore1             | 0.67   0.11   0.04   0.18   0.54
hdbefore14            | 0.68   0.96   0.88   0.80   0.59
hdbefore30            | 0.77   0.99   0.93   0.86   0.53
hdbefore7             | 0.60   0.99   0.95   0.75   0.52
hdbefore90            | 0.90   1.00   1.00   0.95   0.50
----------------------+--------------------------------
ionicbefore1          | 0.67   0.11   0.04   0.18   0.54
ionicbefore14         | 0.68   0.96   0.88   0.80   0.59
ionicbefore30         | 0.77   0.99   0.93   0.86   0.53
ionicbefore7          | 0.60   0.99   0.95   0.75   0.52
ionicbefore90         | 0.90   1.00   1.00   0.95   0.50
----------------------+--------------------------------
ppssppbefore1         | 0.67   0.11   0.04   0.18   0.54
ppssppbefore14        | 0.68   0.96   0.88   0.80   0.59
ppssppbefore30        | 0.77   0.99   0.93   0.86   0.53
ppssppbefore7         | 0.60   0.99   0.95   0.75   0.52
ppssppbefore90        | 0.90   1.00   1.00   0.95   0.50
----------------------+--------------------------------
steambefore1          | 0.67   0.11   0.04   0.18   0.54
steambefore14         | 0.68   0.96   0.88   0.80   0.59
steambefore30         | 0.77   0.99   0.93   0.86   0.53
steambefore7          | 0.60   0.99   0.95   0.75   0.52
steambefore90         | 0.90   1.00   1.00   0.95   0.50
----------------------+--------------------------------
wetbefore1            | 0.67   0.11   0.04   0.18   0.54
wetbefore14           | 0.68   0.96   0.88   0.80   0.59
wetbefore30           | 0.77   0.99   0.93   0.86   0.53
wetbefore7            | 0.60   0.99   0.95   0.75   0.52
wetbefore90           | 0.90   1.00   1.00   0.95   0.50
