dataset               | prec   pd     pf     F1     ROC
----------------------+--------------------------------
camelbefore1          | 0.69   0.63   0.21   0.66   0.76
camelbefore14         | 0.83   0.94   0.70   0.88   0.72
camelbefore30         | 0.85   1.00   1.00   0.92   0.50
camelbefore7          | 0.79   0.92   0.64   0.85   0.72
camelbefore90         | 0.94   1.00   1.00   0.97   0.50
----------------------+--------------------------------
cloudstackbefore1     | 0.66   0.43   0.04   0.52   0.76
cloudstackbefore14    | 0.74   0.81   0.10   0.78   0.90
cloudstackbefore30    | 0.84   0.79   0.06   0.81   0.91
cloudstackbefore7     | 0.75   0.70   0.07   0.73   0.89
cloudstackbefore90    | 0.89   0.72   0.05   0.80   0.88
----------------------+--------------------------------
cocoonbefore1         | 0.66   0.43   0.04   0.52   0.76
cocoonbefore14        | 0.74   0.81   0.10   0.78   0.90
cocoonbefore30        | 0.84   0.79   0.06   0.81   0.91
cocoonbefore7         | 0.75   0.70   0.07   0.73   0.89
cocoonbefore90        | 0.89   0.72   0.05   0.80   0.88
----------------------+--------------------------------
deeplearningbefore1   | 0.66   0.43   0.04   0.52   0.76
deeplearningbefore14  | 0.74   0.81   0.10   0.78   0.90
deeplearningbefore30  | 0.84   0.79   0.06   0.81   0.91
deeplearningbefore7   | 0.75   0.70   0.07   0.73   0.89
deeplearningbefore90  | 0.89   0.72   0.05   0.80   0.88
----------------------+--------------------------------
hadoopbefore1         | 0.66   0.43   0.04   0.52   0.76
hadoopbefore14        | 0.74   0.81   0.10   0.78   0.90
hadoopbefore30        | 0.84   0.79   0.06   0.81   0.91
hadoopbefore7         | 0.75   0.70   0.07   0.73   0.89
hadoopbefore90        | 0.89   0.72   0.05   0.80   0.88
----------------------+--------------------------------
hivebefore1           | 0.66   0.43   0.04   0.52   0.76
hivebefore14          | 0.74   0.81   0.10   0.78   0.90
hivebefore30          | 0.84   0.79   0.06   0.81   0.91
hivebefore7           | 0.75   0.70   0.07   0.73   0.89
hivebefore90          | 0.89   0.72   0.05   0.80   0.88
----------------------+--------------------------------
kafkabefore1          | 0.66   0.43   0.04   0.52   0.76
kafkabefore14         | 0.74   0.81   0.10   0.78   0.90
kafkabefore30         | 0.84   0.79   0.06   0.81   0.91
kafkabefore7          | 0.75   0.70   0.07   0.73   0.89
kafkabefore90         | 0.89   0.72   0.05   0.80   0.88
----------------------+--------------------------------
nodebefore1           | 0.66   0.43   0.04   0.52   0.76
nodebefore14          | 0.74   0.81   0.10   0.78   0.90
nodebefore30          | 0.84   0.79   0.06   0.81   0.91
nodebefore7           | 0.75   0.70   0.07   0.73   0.89
nodebefore90          | 0.89   0.72   0.05   0.80   0.88
----------------------+--------------------------------
ofbizbefore1          | 0.66   0.43   0.04   0.52   0.76
ofbizbefore14         | 0.74   0.81   0.10   0.78   0.90
ofbizbefore30         | 0.84   0.79   0.06   0.81   0.91
ofbizbefore7          | 0.75   0.70   0.07   0.73   0.89
ofbizbefore90         | 0.89   0.72   0.05   0.80   0.88
----------------------+--------------------------------
qpidbefore1           | 0.66   0.43   0.04   0.52   0.76
qpidbefore14          | 0.74   0.81   0.10   0.78   0.90
qpidbefore30          | 0.84   0.79   0.06   0.81   0.91
qpidbefore7           | 0.75   0.70   0.07   0.73   0.89
qpidbefore90          | 0.89   0.72   0.05   0.80   0.88