dataset               | prec   pd     pf     F1     ROC
----------------------+--------------------------------
Cataclysmbefore1      | 0.00   0.00   0.00   0.00   0.50
Cataclysmbefore14     | 0.68   0.70   0.35   0.69   0.68
Cataclysmbefore30     | 0.72   0.94   0.61   0.81   0.76
Cataclysmbefore7      | 0.69   0.47   0.14   0.56   0.72
Cataclysmbefore90     | 0.77   0.98   0.72   0.86   0.69
----------------------+--------------------------------
PushSharpbefore1      | 0.80   0.76   0.14   0.78   0.86
PushSharpbefore14     | 0.92   0.91   0.30   0.92   0.94
PushSharpbefore30     | 0.88   1.00   1.00   0.94   0.50
PushSharpbefore7      | 0.89   0.94   0.29   0.91   0.89
PushSharpbefore90     | 0.99   1.00   1.00   1.00   0.50
----------------------+--------------------------------
custardbefore1        | 0.80   0.76   0.14   0.78   0.86
custardbefore14       | 0.92   0.91   0.30   0.92   0.94
custardbefore30       | 0.88   1.00   1.00   0.94   0.50
custardbefore7        | 0.89   0.94   0.29   0.91   0.89
custardbefore90       | 0.99   1.00   1.00   1.00   0.50
----------------------+--------------------------------
docsbefore1           | 0.80   0.76   0.14   0.78   0.86
docsbefore14          | 0.92   0.91   0.30   0.92   0.94
docsbefore30          | 0.88   1.00   1.00   0.94   0.50
docsbefore7           | 0.89   0.94   0.29   0.91   0.89
docsbefore90          | 0.99   1.00   1.00   1.00   0.50
----------------------+--------------------------------
fuzzybefore1          | 0.80   0.76   0.14   0.78   0.86
fuzzybefore14         | 0.92   0.91   0.30   0.92   0.94
fuzzybefore30         | 0.88   1.00   1.00   0.94   0.50
fuzzybefore7          | 0.89   0.94   0.29   0.91   0.89
fuzzybefore90         | 0.99   1.00   1.00   1.00   0.50
----------------------+--------------------------------
openDCIMbefore1       | 0.80   0.76   0.14   0.78   0.86
openDCIMbefore14      | 0.92   0.91   0.30   0.92   0.94
openDCIMbefore30      | 0.88   1.00   1.00   0.94   0.50
openDCIMbefore7       | 0.89   0.94   0.29   0.91   0.89
openDCIMbefore90      | 0.99   1.00   1.00   1.00   0.50
----------------------+--------------------------------
partakebefore1        | 0.80   0.76   0.14   0.78   0.86
partakebefore14       | 0.92   0.91   0.30   0.92   0.94
partakebefore30       | 0.88   1.00   1.00   0.94   0.50
partakebefore7        | 0.89   0.94   0.29   0.91   0.89
partakebefore90       | 0.99   1.00   1.00   1.00   0.50
----------------------+--------------------------------
pythondotorgbefore1   | 0.80   0.76   0.14   0.78   0.86
pythondotorgbefore14  | 0.92   0.91   0.30   0.92   0.94
pythondotorgbefore30  | 0.88   1.00   1.00   0.94   0.50
pythondotorgbefore7   | 0.89   0.94   0.29   0.91   0.89
pythondotorgbefore90  | 0.99   1.00   1.00   1.00   0.50
----------------------+--------------------------------
rbbbefore1            | 0.80   0.76   0.14   0.78   0.86
rbbbefore14           | 0.92   0.91   0.30   0.92   0.94
rbbbefore30           | 0.88   1.00   1.00   0.94   0.50
rbbbefore7            | 0.89   0.94   0.29   0.91   0.89
rbbbefore90           | 0.99   1.00   1.00   1.00   0.50
----------------------+--------------------------------
slycatbefore1         | 0.80   0.76   0.14   0.78   0.86
slycatbefore14        | 0.92   0.91   0.30   0.92   0.94
slycatbefore30        | 0.88   1.00   1.00   0.94   0.50
slycatbefore7         | 0.89   0.94   0.29   0.91   0.89
slycatbefore90        | 0.99   1.00   1.00   1.00   0.50
